Unitless Data	|Pcomp(PORT_2,0)|[1,21,X] (mW) : Rectenna.AP_HB (Freq = 2.45 GHz
Pwr = -10 dBm)	|Vcomp(PORT_2,0)|[1,21,X] (V) : Rectenna.AP_HB (Freq = 2.45 GHz
Pwr = -10 dBm)	|Icomp(PORT_2,0)|[1,21,X] (mA) : Rectenna.AP_HB (Freq = 2.45 GHz
Pwr = -10 dBm)
50	0.00224019	0.0105835	0.211669
50.5	0.00226173	0.0106873	0.211629
51	0.00228326	0.010791	0.211589
51.5	0.00230477	0.0108947	0.211548
52	0.00232626	0.0109984	0.211508
52.5	0.00234773	0.0111021	0.211468
53	0.00236918	0.0112057	0.211428
53.5	0.00239062	0.0113092	0.211387
54	0.00241204	0.0114127	0.211347
54.5	0.00243344	0.0115162	0.211306
55	0.00245483	0.0116196	0.211266
55.5	0.00247619	0.011723	0.211225
56	0.00249754	0.0118263	0.211185
56.5	0.00251888	0.0119296	0.211144
57	0.00254019	0.0120329	0.211104
57.5	0.00256149	0.0121361	0.211063
58	0.00258277	0.0122393	0.211022
58.5	0.00260403	0.0123424	0.210982
59	0.00262527	0.0124455	0.210941
59.5	0.0026465	0.0125486	0.210901
60	0.00266771	0.0126516	0.21086
60.5	0.00268891	0.0127546	0.210819
61	0.00271008	0.0128575	0.210779
61.5	0.00273124	0.0129604	0.210738
62	0.00275238	0.0130632	0.210697
62.5	0.00277351	0.013166	0.210656
63	0.00279462	0.0132688	0.210616
63.5	0.00281571	0.0133715	0.210575
64	0.00283678	0.0134742	0.210534
64.5	0.00285784	0.0135768	0.210494
65	0.00287888	0.0136795	0.210453
65.5	0.00289991	0.013782	0.210412
66	0.00292091	0.0138845	0.210372
66.5	0.0029419	0.013987	0.210331
67	0.00296288	0.0140895	0.21029
67.5	0.00298383	0.0141919	0.21025
68	0.00300478	0.0142942	0.210209
68.5	0.0030257	0.0143965	0.210168
69	0.00304661	0.0144988	0.210128
69.5	0.0030675	0.0146011	0.210087
70	0.00308837	0.0147033	0.210047
70.5	0.00310923	0.0148054	0.210006
71	0.00313007	0.0149075	0.209965
71.5	0.00315089	0.0150096	0.209925
72	0.0031717	0.0151117	0.209884
72.5	0.0031925	0.0152137	0.209844
73	0.00321327	0.0153156	0.209803
73.5	0.00323403	0.0154176	0.209763
74	0.00325477	0.0155194	0.209722
74.5	0.0032755	0.0156213	0.209682
75	0.00329621	0.0157231	0.209641
75.5	0.00331691	0.0158249	0.209601
76	0.00333759	0.0159266	0.20956
76.5	0.00335825	0.0160283	0.20952
77	0.00337889	0.0161299	0.20948
77.5	0.00339952	0.0162315	0.209439
78	0.00342014	0.0163331	0.209399
78.5	0.00344074	0.0164347	0.209359
79	0.00346132	0.0165362	0.209318
79.5	0.00348189	0.0166376	0.209278
80	0.00350244	0.016739	0.209238
80.5	0.00352297	0.0168404	0.209198
81	0.00354349	0.0169417	0.209157
81.5	0.003564	0.0170431	0.209117
82	0.00358448	0.0171443	0.209077
82.5	0.00360495	0.0172455	0.209037
83	0.00362541	0.0173467	0.208997
83.5	0.00364585	0.0174479	0.208957
84	0.00366628	0.017549	0.208917
84.5	0.00368669	0.0176501	0.208877
85	0.00370708	0.0177511	0.208837
85.5	0.00372746	0.0178521	0.208797
86	0.00374782	0.0179531	0.208757
86.5	0.00376817	0.018054	0.208717
87	0.0037885	0.0181549	0.208677
87.5	0.00380882	0.0182557	0.208637
88	0.00382912	0.0183565	0.208597
88.5	0.0038494	0.0184573	0.208557
89	0.00386967	0.018558	0.208517
89.5	0.00388993	0.0186587	0.208478
90	0.00391017	0.0187594	0.208438
90.5	0.00393039	0.01886	0.208398
91	0.0039506	0.0189606	0.208358
91.5	0.0039708	0.0190612	0.208319
92	0.00399097	0.0191617	0.208279
92.5	0.00401114	0.0192621	0.208239
93	0.00403129	0.0193626	0.2082
93.5	0.00405142	0.019463	0.20816
94	0.00407154	0.0195634	0.208121
94.5	0.00409164	0.0196637	0.208081
95	0.00411173	0.019764	0.208042
95.5	0.00413181	0.0198642	0.208002
96	0.00415186	0.0199644	0.207963
96.5	0.00417191	0.0200646	0.207924
97	0.00419194	0.0201648	0.207884
97.5	0.00421195	0.0202649	0.207845
98	0.00423195	0.0203649	0.207806
98.5	0.00425193	0.020465	0.207766
99	0.0042719	0.020565	0.207727
99.5	0.00429186	0.0206649	0.207688
100	0.0043118	0.0207649	0.207649
100.5	0.00433172	0.0208648	0.20761
101	0.00435163	0.0209646	0.20757
101.5	0.00437153	0.0210644	0.207531
102	0.00439141	0.0211642	0.207492
102.5	0.00441128	0.021264	0.207453
103	0.00443113	0.0213637	0.207414
103.5	0.00445097	0.0214633	0.207375
104	0.00447079	0.021563	0.207336
104.5	0.0044906	0.0216626	0.207298
105	0.0045104	0.0217622	0.207259
105.5	0.00453018	0.0218617	0.20722
106	0.00454994	0.0219612	0.207181
106.5	0.00456969	0.0220606	0.207142
107	0.00458943	0.0221601	0.207104
107.5	0.00460915	0.0222595	0.207065
108	0.00462886	0.0223588	0.207026
108.5	0.00464855	0.0224581	0.206987
109	0.00466823	0.0225574	0.206949
109.5	0.0046879	0.0226567	0.20691
110	0.00470755	0.0227559	0.206872
110.5	0.00472719	0.0228551	0.206833
111	0.00474681	0.0229542	0.206795
111.5	0.00476642	0.0230533	0.206756
112	0.00478601	0.0231524	0.206718
112.5	0.0048056	0.0232514	0.206679
113	0.00482516	0.0233504	0.206641
113.5	0.00484471	0.0234494	0.206603
114	0.00486425	0.0235484	0.206564
114.5	0.00488378	0.0236473	0.206526
115	0.00490329	0.0237461	0.206488
115.5	0.00492278	0.0238449	0.20645
116	0.00494227	0.0239437	0.206412
116.5	0.00496174	0.0240425	0.206373
117	0.00498119	0.0241412	0.206335
117.5	0.00500063	0.0242399	0.206297
118	0.00502006	0.0243386	0.206259
118.5	0.00503947	0.0244372	0.206221
119	0.00505887	0.0245358	0.206183
119.5	0.00507826	0.0246344	0.206145
120	0.00509763	0.0247329	0.206107
120.5	0.00511699	0.0248314	0.206069
121	0.00513633	0.0249298	0.206032
121.5	0.00515566	0.0250282	0.205994
122	0.00517498	0.0251266	0.205956
122.5	0.00519429	0.025225	0.205918
123	0.00521358	0.0253233	0.205881
123.5	0.00523285	0.0254216	0.205843
124	0.00525212	0.0255198	0.205805
124.5	0.00527137	0.0256181	0.205768
125	0.0052906	0.0257162	0.20573
125.5	0.00530983	0.0258144	0.205692
126	0.00532903	0.0259125	0.205655
126.5	0.00534823	0.0260106	0.205617
127	0.00536741	0.0261086	0.20558
127.5	0.00538658	0.0262067	0.205542
128	0.00540574	0.0263046	0.205505
128.5	0.00542488	0.0264026	0.205468
129	0.00544401	0.0265005	0.20543
129.5	0.00546313	0.0265984	0.205393
130	0.00548223	0.0266962	0.205356
130.5	0.00550132	0.0267941	0.205319
131	0.00552039	0.0268918	0.205281
131.5	0.00553946	0.0269896	0.205244
132	0.00555851	0.0270873	0.205207
132.5	0.00557754	0.027185	0.20517
133	0.00559657	0.0272827	0.205133
133.5	0.00561558	0.0273803	0.205096
134	0.00563457	0.0274779	0.205059
134.5	0.00565356	0.0275754	0.205022
135	0.00567253	0.0276729	0.204985
135.5	0.00569149	0.0277704	0.204948
136	0.00571043	0.0278679	0.204911
136.5	0.00572936	0.0279653	0.204874
137	0.00574828	0.0280627	0.204837
137.5	0.00576719	0.0281601	0.2048
138	0.00578608	0.0282574	0.204764
138.5	0.00580496	0.0283547	0.204727
139	0.00582383	0.0284519	0.20469
139.5	0.00584268	0.0285492	0.204653
140	0.00586153	0.0286464	0.204617
140.5	0.00588036	0.0287435	0.20458
141	0.00589917	0.0288407	0.204544
141.5	0.00591797	0.0289378	0.204507
142	0.00593676	0.0290348	0.204471
142.5	0.00595554	0.0291319	0.204434
143	0.00597431	0.0292289	0.204398
143.5	0.00599306	0.0293258	0.204361
144	0.0060118	0.0294228	0.204325
144.5	0.00603053	0.0295197	0.204288
145	0.00604924	0.0296165	0.204252
145.5	0.00606794	0.0297134	0.204216
146	0.00608663	0.0298102	0.204179
146.5	0.00610531	0.029907	0.204143
147	0.00612397	0.0300037	0.204107
147.5	0.00614262	0.0301004	0.204071
148	0.00616126	0.0301971	0.204035
148.5	0.00617989	0.0302938	0.203999
149	0.0061985	0.0303904	0.203962
149.5	0.0062171	0.030487	0.203926
150	0.00623569	0.0305836	0.20389
150.5	0.00625427	0.0306801	0.203854
151	0.00627283	0.0307766	0.203818
151.5	0.00629139	0.030873	0.203782
152	0.00630993	0.0309695	0.203747
152.5	0.00632845	0.0310659	0.203711
153	0.00634697	0.0311623	0.203675
153.5	0.00636547	0.0312586	0.203639
154	0.00638396	0.0313549	0.203603
154.5	0.00640244	0.0314512	0.203568
155	0.0064209	0.0315474	0.203532
155.5	0.00643936	0.0316436	0.203496
156	0.0064578	0.0317398	0.20346
156.5	0.00647623	0.031836	0.203425
157	0.00649464	0.0319321	0.203389
157.5	0.00651305	0.0320282	0.203354
158	0.00653144	0.0321243	0.203318
158.5	0.00654982	0.0322203	0.203283
159	0.00656819	0.0323163	0.203247
159.5	0.00658655	0.0324123	0.203212
160	0.00660489	0.0325082	0.203176
160.5	0.00662322	0.0326041	0.203141
161	0.00664154	0.0327	0.203105
161.5	0.00665985	0.0327958	0.20307
162	0.00667815	0.0328916	0.203035
162.5	0.00669643	0.0329874	0.203
163	0.0067147	0.0330832	0.202964
163.5	0.00673296	0.0331789	0.202929
164	0.00675121	0.0332746	0.202894
164.5	0.00676945	0.0333703	0.202859
165	0.00678767	0.0334659	0.202824
165.5	0.00680588	0.0335615	0.202788
166	0.00682408	0.0336571	0.202753
166.5	0.00684227	0.0337526	0.202718
167	0.00686045	0.0338481	0.202683
167.5	0.00687861	0.0339436	0.202648
168	0.00689677	0.0340391	0.202613
168.5	0.00691491	0.0341345	0.202578
169	0.00693304	0.0342299	0.202544
169.5	0.00695116	0.0343252	0.202509
170	0.00696926	0.0344206	0.202474
170.5	0.00698736	0.0345159	0.202439
171	0.00700544	0.0346111	0.202404
171.5	0.00702351	0.0347064	0.20237
172	0.00704157	0.0348016	0.202335
172.5	0.00705962	0.0348968	0.2023
173	0.00707766	0.0349919	0.202265
173.5	0.00709568	0.035087	0.202231
174	0.0071137	0.0351821	0.202196
174.5	0.0071317	0.0352772	0.202162
175	0.00714969	0.0353722	0.202127
175.5	0.00716767	0.0354672	0.202093
176	0.00718563	0.0355622	0.202058
176.5	0.00720359	0.0356572	0.202024
177	0.00722153	0.0357521	0.201989
177.5	0.00723947	0.035847	0.201955
178	0.00725739	0.0359418	0.20192
178.5	0.0072753	0.0360367	0.201886
179	0.0072932	0.0361315	0.201852
179.5	0.00731108	0.0362262	0.201817
180	0.00732896	0.036321	0.201783
180.5	0.00734682	0.0364157	0.201749
181	0.00736468	0.0365104	0.201715
181.5	0.00738252	0.036605	0.20168
182	0.00740035	0.0366996	0.201646
182.5	0.00741817	0.0367942	0.201612
183	0.00743597	0.0368888	0.201578
183.5	0.00745377	0.0369833	0.201544
184	0.00747156	0.0370778	0.20151
184.5	0.00748933	0.0371723	0.201476
185	0.00750709	0.0372668	0.201442
185.5	0.00752484	0.0373612	0.201408
186	0.00754258	0.0374556	0.201374
186.5	0.00756031	0.0375499	0.20134
187	0.00757803	0.0376443	0.201306
187.5	0.00759574	0.0377386	0.201272
188	0.00761343	0.0378329	0.201239
188.5	0.00763112	0.0379271	0.201205
189	0.00764879	0.0380213	0.201171
189.5	0.00766645	0.0381155	0.201137
190	0.0076841	0.0382097	0.201104
190.5	0.00770175	0.0383038	0.20107
191	0.00771937	0.0383979	0.201036
191.5	0.00773699	0.038492	0.201003
192	0.0077546	0.038586	0.200969
192.5	0.0077722	0.0386801	0.200935
193	0.00778978	0.0387741	0.200902
193.5	0.00780736	0.038868	0.200868
194	0.00782492	0.038962	0.200835
194.5	0.00784247	0.0390559	0.200801
195	0.00786001	0.0391497	0.200768
195.5	0.00787754	0.0392436	0.200734
196	0.00789506	0.0393374	0.200701
196.5	0.00791257	0.0394312	0.200668
197	0.00793007	0.039525	0.200634
197.5	0.00794756	0.0396187	0.200601
198	0.00796503	0.0397124	0.200568
198.5	0.0079825	0.0398061	0.200535
199	0.00799995	0.0398998	0.200501
199.5	0.0080174	0.0399934	0.200468
200	0.00803483	0.040087	0.200435
